                      Energy  Schedule(MW     -   MWH)       4/14/2025 
                    FTPK  GARR  OAHE  BEND  FTRA  GAPT      TOTAL   DIFF
          Sat Cap    158   504   473   434   354    75       1998  
          Mon Cap    158   403   472   428   357    74       1892  
            + Tol    300   100     3     1   200  W.T.  
            - Tol    300   300     3     1   200  W.T.  
                                                                        
                                7700  3250        2000                  
          10 Thu    2150  5250  7800  3250  4900  2000      25250       
                    2151  5260  7693  3244  4906  1998      25252      2
                                                                        
          11 Fri    2150  5250  7700  3200  5000  2000      25300       
                    2092  5245  7697  3211  5006  1998      25249    -51
                                6600  1800  5100                        
          12 Sat    2150  5250  6550  1800  4900  2000      22900       
                    2110  5251  6596  1790  5105  1994      22846    -54
                                6000  1300  5200                        
          13 Sun    2150  5250  6000  1300  5000  2000      21900       
                    2075  5277  6048  1318  5229  2006      21953     53
                                7150  3000  5200                        
          14 Mon    2150  5250  7150  3000  5000  2000      24750       
                                                                        
                                                                        
          15 Tue    2150  5250  7150  3000  5000  2000      24550       
                                                                        
                                                                        
          16 Wed    2150  5250  7150  3000  5150  2000      24700       
                                                                        
                                                                        
                     Water  Schedule   -  KCFS                  
                    FTPK  GARR  OAHE  BEND  FTRA  GAPT        GP-QL 24ID
                                27.0  30.0       25.0*                  
          10 Thu     7.0  18.0  27.0  30.0  23.0 25.0*          2.4 24.0
                     6.9  18.1  27.5  30.7  23.0 25.1*                  
                                                                        
          11 Fri     7.0  18.0  27.0  30.0  23.5 25.8*          1.4 24.0
                     6.8  18.0  26.4  30.1  23.4 25.7*                  
                                23.0  17.0  24.0                        
          12 Sat     7.0  18.0  23.0  17.0  23.0 26.0*          1.8 25.0
                     6.8  18.1  22.6  16.8  24.0 26.0*                  
                                21.0  12.0  24.5                        
          13 Sun     7.0  18.0  21.0  12.0  23.5 26.0*          2.2 26.0
                     6.8  18.2  20.6  12.1  24.8 26.1*                  
                                25.0  28.0  24.5                        
          14 Mon     7.0  18.0  25.0  28.0  23.5 26.0*                  
                                                                        
                                                                        
          15 Tue     7.0  18.0  25.0  28.0  23.5 26.0*                  
                                                                        
                                                                        
          16 Wed     7.0  18.0  25.0  28.0  24.5 26.0*                  
                                                                        
                                                                        
                          MIDNIGHT      POOL     ELEV.       4/14/2025  
                    FTPK     GARR     OAHE     BEND     FTRA     GAPT
          10 Thu   2227.6   1831.2   1598.0   1420.6   1355.5   1206.5                  
          11 Fri   2227.7   1831.2   1598.1   1420.6   1355.6   1206.3                  
          12 Sat   2227.7   1831.1   1598.0   1420.8   1355.5   1206.3                  
          13 Sun   2227.7   1831.3   1598.2   1421.4   1355.8   1206.3                  
        24Hr Chng    -.02      .26      .21      .55      .23      .05
          OUTAGES       3        1                 6                 2
                                                                                        
                                                                                        
                                                                                        
                                                                                        
