# Elevation capability table for the Schedule program
# Values are used during Schedule/Reschedule
GP
1200.6 89.5
1212.6 134.2
FR
1310 171
1320 212
1330 252
1337.5 283
1340 294
1343.5 308
1350 335
1353.8 350
1360 375
1361 375
1365 375
1370 375
1375 375
1380 340
BB
1310 538
1320 538
1330 538
1337.5 538
1340 538
1343.5 536
1350 521
1353.8 502
1360 457
1361 451
1365 418
1370 373
1375 318
1380 250
OA
1530 315
1540 365
1550 415
1560 466
1570 517
1580 568
1590 620
1600 671
1603 686
1607.5 709
1610 722
1617 758
1620 773
1630 722
GA
1770 222
1775 240
1780 259
1790 297
1800 362
1810 405
1820 457
1830 502
1837.5 516
1840 520
1850 540
1854 550
1860 560
FP
2150 94
2160 109
2170 124
2180 139
2190 154
2200 167
2210 181
2220 193
2230 205
2234 208
2240 213
2246 217
2250 220
2260 225
